3
00002343134,    ;
00002419732,    ;
00002351644,    ;
00002368837,    ;
00002349897,    ;
00002392514,    ;
00002354677,    ;
00002408975,    ;
00002420280,    ;
00002385245,    ;
00002466940,    ;
00002488763,    ;
00002412007,    ;
00002446696,    ;
00002391115,    ;
00002352777,    ;
00002341875,    ;
00002325229,    ;
00002412673,    ;
00002382561,    ;
00002410528,    ;
00002441915,    ;
00002335375,    ;
00002450942,    ;
00002445958,    ;
00002333182,    ;
00002440773,    ;
00002379595,    ;
00002300647,    ;
00002322333,    ;
00002383798,    ;
00002428927,    ;
00002430454,    ;
00002303601,    ;
00002358761,    ;
00002339928,    ;
00002378859,    ;
00002329586,    ;
00002457645,    ;
00002388108,    ;
00002400903,    ;
00002370815,    ;
00002434025,    ;
00002460567,    ;
00002362130,    ;
00002438247,    ;
00002400244,    ;
00002375432,    ;
00002394455,    ;
00002422532,    ;
00002392997,    ;
00002320185,    ;
00002402312,    ;
00002405789,    ;
00002377961,    ;
00002418935,    ;
00002350721,    ;
00002409388,    ;
00002380664,    ;
00002379087,    ;
00002376590,    ;
00002472300,    ;
00002438149,    ;
00002428838,    ;
00002398021,    ;
00002363632,    ;
00002506851,    ;
00002485187,    ;
00002250526,    ;
00002442780,    ;
00002393706,    ;
00002320824,    ;
00002418522,    ;
00002370173,    ;
00002444702,    ;
00002378620,    ;
00002331033,    ;
00002351894,    ;
00002322486,    ;
00002405884,    ;
00002367985,    ;
00002397976,    ;
00002326219,    ;
00002377868,    ;
00002400386,    ;
00002461566,    ;
00002380475,    ;
00002367302,    ;
00002400002,    ;
00002424616,    ;
00002420352,    ;
00002412059,    ;
00002361031,    ;
00002480404,    ;
00002431394,    ;
00002437990,    ;
00002385199,    ;
00002323169,    ;
00002422195,    ;
00002432469,    ;
00002378967,    ;
00002484838,    ;
00002435905,    ;
00002475514,    ;
00002324841,    ;
00002334519,    ;
00002397752,    ;
00002379195,    ;
00002471150,    ;
00002406358,    ;
00002464606,    ;
00002445069,    ;
00002440398,    ;
00002475165,    ;
00002301553,    ;
00002400425,    ;
00002379882,    ;
00002398751,    ;
00002395519,    ;
00002439678,    ;
00002320954,    ;
00002373252,    ;
00002424380,    ;
00002404650,    ;
00002493833,    ;
00002415448,    ;
00002458982,    ;
00002368767,    ;
00002371617,    ;
00002427650,    ;
00002345541,    ;
00002384241,    ;
00002405703,    ;
00002479006,    ;
00002442990,    ;
00002346459,    ;
00002398548,    ;
00002252393,    ;
00002350242,    ;
00002432989,    ;
00002389137,    ;
00002429599,    ;
00002358369,    ;
00002452928,    ;
00002370805,    ;
00002395735,    ;
00002327477,    ;
00002392558,    ;
00002428435,    ;
00002381424,    ;
00002409758,    ;
00002417637,    ;
00002377287,    ;
00002496159,    ;
00002432797,    ;
00002375368,    ;
00002303960,    ;
00002406649,    ;
00002363851,    ;
00002348995,    ;
00002362492,    ;
00002392064,    ;
00002331516,    ;
00002340990,    ;
00002334422,    ;
00002449541,    ;
00002491134,    ;
00002372963,    ;
00002338877,    ;
00002349925,    ;
00002365379,    ;
00002364974,    ;
00002394001,    ;
00002429875,    ;
00002343726,    ;
00002422261,    ;
00002438626,    ;
00002396443,    ;
00002310679,    ;
00002374132,    ;
00002430947,    ;
00002406875,    ;
00002490463,    ;
00002412366,    ;
00002571783,    ;
00002447648,    ;
00002388012,    ;
00002385455,    ;
00002405955,    ;
00002369983,    ;
00002491474,    ;
00002400079,    ;
00002464795,    ;
00002408794,    ;
00002374449,    ;
00002406946,    ;
00002326258,    ;
00002381307,    ;
00002294361,    ;
00002409004,    ;
00002405665,    ;
00002343899,    ;
00002372996,    ;
00002356341,    ;
00002393619,    ;
00002322657,    ;
00002441476,    ;
00002367700,    ;
00002293954,    ;
00002468507,    ;
00002400007,    ;
00002348839,    ;
00002412729,    ;
00002341764,    ;
00002421845,    ;
00002476735,    ;
00002384478,    ;
00002351274,    ;
00002403284,    ;
00002372770,    ;
00002389362,    ;
00002327988,    ;
00002369155,    ;
00002393973,    ;
00002483166,    ;
00002439788,    ;
00002335740,    ;
00002392797,    ;
00002416651,    ;
00002460400,    ;
00002346916,    ;
00002358409,    ;
00002332017,    ;
00002377605,    ;
00002494782,    ;
00002306779,    ;
00002344749,    ;
00002293622,    ;
00002292941,    ;
00002286234,    ;
00002321413,    ;
00002389430,    ;
00002412288,    ;
00002378942,    ;
00002428320,    ;
00002478103,    ;
00002420514,    ;
00002344434,    ;
00002423563,    ;
00002489066,    ;
00002390963,    ;
00002294586,    ;
00002362872,    ;
00002357602,    ;
00002429914,    ;
00002508505,    ;
00002426600,    ;
00002327906,    ;
00002407768,    ;
00002427941,    ;
00002371802,    ;
00002322713,    ;
00002425662,    ;
00002406295,    ;
00002373054,    ;
00002388732,    ;
00002391609,    ;
00002447036,    ;
00002373016,    ;
00002273933,    ;
00002465489,    ;
00002443107,    ;
00002403931,    ;
00002301530,    ;
00002406448,    ;
00002400556,    ;
00002368873,    ;
00002487813,    ;
00002393954,    ;
00002379559,    ;
00002398877,    ;
00002428926,    ;
00002511436,    ;
00002497574,    ;
00002278521,    ;
00002340703,    ;
00002366452,    ;
00002372025,    ;
00002423588,    ;
00002430581,    ;
00002383775,    ;
00002341345,    ;
00002448412,    ;
00002436521,    ;
00002343561,    ;
00002412253,    ;
00002397464,    ;
00002324957,    ;
00002304708,    ;
00002386092,    ;
00002393838,    ;
00002379193,    ;
00002339324,    ;
00002385779,    ;
00002443421,    ;
00002396925,    ;
00002410275,    ;
00002363829,    ;
00002435703,    ;
00002330085,    ;
00002339328,    ;
00002353201,    ;
00002386477,    ;
00002490076,    ;
00002363946,    ;
00002366038,    ;
00002422554,    ;
00002363505,    ;
00002373600,    ;
00002384758,    ;
00002447124,    ;
00002424128,    ;
00002453722,    ;
00002345684,    ;
00002393724,    ;
00002371481,    ;
00002390926,    ;
00002475807,    ;
00002382997,    ;
00002401646,    ;
00002423936,    ;
00002421018,    ;
00002400753,    ;
00002373775,    ;
00002392808,    ;
00002409853,    ;
00002433972,    ;
00002439797,    ;
00002393481,    ;
00002464824,    ;
00002262896,    ;
00002429281,    ;
00002385068,    ;
00002402473,    ;
00002350953,    ;
00002479419,    ;
00002292826,    ;
00002378058,    ;
00002322093,    ;
00002382081,    ;
00002393961,    ;
00002439596,    ;
00002340999,    ;
00002473305,    ;
00002346469,    ;
00002347049,    ;
00002357434,    ;
00002366862,    ;
00002368976,    ;
00002445710,    ;
00002393651,    ;
00002309561,    ;
00002476722,    ;
00002409340,    ;
00002394888,    ;
00002407009,    ;
00002290158,    ;
00002376509,    ;
00002447162,    ;
00002406957,    ;
00002448034,    ;
00002453263,    ;
00002296880,    ;
00002461921,    ;
00002365049,    ;
00002383177,    ;
00002318468,    ;
00002352385,    ;
00002355440,    ;
00002444320,    ;
00002342469,    ;
00002397756,    ;
00002449266,    ;
00002410591,    ;
00002405158,    ;
00002376317,    ;
00002413602,    ;
00002404866,    ;
00002273909,    ;
00002331894,    ;
00002376110,    ;
00002458639,    ;
00002484785,    ;
00002395149,    ;
00002364464,    ;
00002371455,    ;
00002312070,    ;
00002338028,    ;
00002290670,    ;
00002344952,    ;
00002357801,    ;
00002415956,    ;
00002330446,    ;
00002389203,    ;
00002330269,    ;
00002553387,    ;
00002369505,    ;
00002509692,    ;
00002357012,    ;
00002388282,    ;
00002397880,    ;
00002328299,    ;
00002352051,    ;
00002340974,    ;
00002350040,    ;
00002388901,    ;
00002338174,    ;
00002334676,    ;
00002468208,    ;
00002383022,    ;
00002393861,    ;
00002337930,    ;
00002376735,    ;
00002331995,    ;
00002511605,    ;
00002387132,    ;
00002424318,    ;
00002287160,    ;
00002360596,    ;
00002392238,    ;
00002370572,    ;
00002388159,    ;
00002413864,    ;
00002389811,    ;
00002369927,    ;
00002387167,    ;
00002395466,    ;
00002349778,    ;
00002403092,    ;
00002417184,    ;
00002431127,    ;
00002419449,    ;
00002356534,    ;
00002306030,    ;
00002405135,    ;
00002332306,    ;
00002465784,    ;
00002406166,    ;
00002462672,    ;
00002424279,    ;
00002370199,    ;
00002383420,    ;
00002467424,    ;
00002505344,    ;
00002380921,    ;
00002465037,    ;
00002347520,    ;
00002377501,    ;
00002381342,    ;
00002368893,    ;
00002464137,    ;
00002448320,    ;
00002361870,    ;
00002367837,    ;
00002314743,    ;
00002323085,    ;
00002376441,    ;
00002407753,    ;
00002406877,    ;
00002381618,    ;
00002381725,    ;
00002407519,    ;
00002273503,    ;
00002407504,    ;
00002353031,    ;
00002435499,    ;
00002435868,    ;
00002418605,    ;
00002417332,    ;
00002399823,    ;
00002409302,    ;
00002356036,    ;
00002350712,    ;
00002458252,    ;
00002326998,    ;
00002456509,    ;
00002339271,    ;
00002360368,    ;
00002382553,    ;
00002434609,    ;
00002396838,    ;
00002410847,    ;
00002450712,    ;
00002394426,    ;
00002335879,    ;
00002400930,    ;
00002337521,    ;
00002482261,    ;
00002398981,    ;
00002351984,    ;
00002428992,    ;
00002403046,    ;
00002347994,    ;
00002415797,    ;
00002375338,    ;
00002358414,    ;
00002456119,    ;
00002340068,    ;
00002427932,    ;
00002392066,    ;
00002431460,    ;
00002415792,    ;
00002368164,    ;
00002396923,    ;
00002406181,    ;
00002421786,    ;
00002439479,    ;
00002404399,    ;
00002447395,    ;
00002363091,    ;
00002363679,    ;
00002410569,    ;
00002415559,    ;
00002496174,    ;
00002291943,    ;
00002322424,    ;
00002414923,    ;
00002414678,    ;
00002417493,    ;
00002466635,    ;
00002382983,    ;
00002436057,    ;
00002409309,    ;
00002358692,    ;
00002373051,    ;
00002452033,    ;
00002455321,    ;
00002342977,    ;
00002435378,    ;
00002363542,    ;
00002442620,    ;
00002372289,    ;
00002395023,    ;
00002356329,    ;
00002350257,    ;
00002270129,    ;
00002441804,    ;
00002371768,    ;
00002399242,    ;
00002360873,    ;
00002368909,    ;
00002419570,    ;
00002373052,    ;
00002355753,    ;
00002403620,    ;
00002453911,    ;
00002315804,    ;
00002470593,    ;
00002370660,    ;
00002377027,    ;
00002394023,    ;
00002339690,    ;
00002426482,    ;
00002377458,    ;
00002417013,    ;
00002360090,    ;
00002464835,    ;
00002511931,    ;
00002447637,    ;
00002269960,    ;
00002353463,    ;
00002398367,    ;
00002318398,    ;
00002328462,    ;
00002371502,    ;
00002410025,    ;
00002435516,    ;
00002492944,    ;
00002425753,    ;
00002323096,    ;
00002412943,    ;
00002434595,    ;
00002380087,    ;
00002433850,    ;
00002378592,    ;
00002376901,    ;
00002468840,    ;
00002459916,    ;
00002253377,    ;
00002335431,    ;
00002430018,    ;
00002390490,    ;
00002352060,    ;
00002358330,    ;
00002371202,    ;
00002446997,    ;
00002356880,    ;
00002404044,    ;
00002471013,    ;
00002450210,    ;
00002342922,    ;
00002507512,    ;
00002332859,    ;
00002475987,    ;
00002390970,    ;
00002304870,    ;
00002402865,    ;
00002353658,    ;
00002370483,    ;
00002346323,    ;
00002376830,    ;
00002356085,    ;
00002398071,    ;
00002383842,    ;
00002298297,    ;
00002340925,    ;
00002322271,    ;
00002363732,    ;
00002454982,    ;
00002422940,    ;
00002404515,    ;
00002298646,    ;
00002379098,    ;
00002426711,    ;
00002356139,    ;
00002402691,    ;
00002499764,    ;
00002410318,    ;
00002399877,    ;
00002357833,    ;
00002358675,    ;
00002316533,    ;
00002402975,    ;
00002455253,    ;
00002298238,    ;
00002459621,    ;
00002347706,    ;
00002317569,    ;
00002401319,    ;
00002439833,    ;
00002317530,    ;
00002412462,    ;
00002401352,    ;
00002433801,    ;
00002410565,    ;
00002335232,    ;
00002459865,    ;
00002355070,    ;
00002482783,    ;
00002377391,    ;
00002400558,    ;
00002316010,    ;
00002381219,    ;
00002326770,    ;
00002349134,    ;
00002397928,    ;
00002386676,    ;
00002486151,    ;
00002387537,    ;
00002411013,    ;
00002365514,    ;
00002403642,    ;
00002424747,    ;
00002359568,    ;
00002436779,    ;
00002386483,    ;
00002386907,    ;
00002397349,    ;
00002387305,    ;
00002460434,    ;
00002510736,    ;
00002376970,    ;
00002395111,    ;
00002428790,    ;
00002355062,    ;
00002449518,    ;
00002408644,    ;
00002364309,    ;
00002337005,    ;
00002379375,    ;
00002386388,    ;
00002465329,    ;
00002382440,    ;
00002422467,    ;
00002351777,    ;
00002401584,    ;
00002395744,    ;
00002378612,    ;
00002361780,    ;
00002464289,    ;
00002311633,    ;
00002404212,    ;
00002374812,    ;
00002351879,    ;
00002398357,    ;
00002461724,    ;
00002336063,    ;
00002398178,    ;
00002333377,    ;
00002318193,    ;
00002383410,    ;
00002421469,    ;
00002392965,    ;
00002418229,    ;
00002421055,    ;
00002443185,    ;
00002394516,    ;
00002331529,    ;
00002505087,    ;
00002417856,    ;
00002373613,    ;
00002365833,    ;
00002315053,    ;
00002381435,    ;
00002434077,    ;
00002232021,    ;
00002326823,    ;
00002317754,    ;
00002311072,    ;
00002441276,    ;
00002373247,    ;
00002444880,    ;
00002400125,    ;
00002296000,    ;
00002388439,    ;
00002314567,    ;
00002341933,    ;
00002458988,    ;
00002307861,    ;
00002415881,    ;
00002471444,    ;
00002292468,    ;
00002418900,    ;
00002435089,    ;
00002343864,    ;
00002332657,    ;
00002405032,    ;
00002371351,    ;
00002365052,    ;
00002255783,    ;
00002383983,    ;
00002359848,    ;
00002359697,    ;
00002337482,    ;
00002381117,    ;
00002415562,    ;
00002383695,    ;
00002505208,    ;
00002316801,    ;
00002420236,    ;
00002485437,    ;
00002420467,    ;
00002341046,    ;
00002366093,    ;
00002472677,    ;
00002355474,    ;
00002454723,    ;
00002395048,    ;
00002459163,    ;
00002387163,    ;
00002469101,    ;
00002281045,    ;
00002385445,    ;
00002434315,    ;
00002292586,    ;
00002372246,    ;
00002466243,    ;
00002470000,    ;
00002409619,    ;
00002401700,    ;
00002444159,    ;
00002391937,    ;
00002396083,    ;
00002434778,    ;
00002423333,    ;
00002329397,    ;
00002379479,    ;
00002404900,    ;
00002439837,    ;
00002307680,    ;
00002446156,    ;
00002373230,    ;
00002300354,    ;
00002289143,    ;
00002297494,    ;
00002346444,    ;
00002347301,    ;
00002416771,    ;
00002354531,    ;
00002379095,    ;
00002399137,    ;
00002472882,    ;
00002369539,    ;
00002407796,    ;
00002394345,    ;
00002388115,    ;
00002303891,    ;
00002394607,    ;
00002327306,    ;
00002405642,    ;
00002368866,    ;
00002397615,    ;
00002369533,    ;
00002399093,    ;
00002393416,    ;
00002355375,    ;
00002351110,    ;
00002396455,    ;
00002497251,    ;
00002378441,    ;
00002386284,    ;
00002436934,    ;
00002400537,    ;
00002363283,    ;
00002433928,    ;
00002467999,    ;
00002438407,    ;
00002408045,    ;
00002426898,    ;
00002368567,    ;
00002396431,    ;
00002377266,    ;
00002402922,    ;
00002425723,    ;
00002527950,    ;
00002405939,    ;
00002463437,    ;
00002445160,    ;
00002415994,    ;
00002389504,    ;
00002397558,    ;
00002353006,    ;
00002388583,    ;
00002461243,    ;
00002330503,    ;
00002377974,    ;
00002296901,    ;
00002380197,    ;
00002404397,    ;
00002371560,    ;
00002473565,    ;
00002399091,    ;
00002384423,    ;
00002400087,    ;
00002421801,    ;
00002334629,    ;
00002493188,    ;
00002366048,    ;
00002427518,    ;
00002298799,    ;
00002450383,    ;
00002364764,    ;
00002347767,    ;
00002429623,    ;
00002416191,    ;
00002489295,    ;
00002359681,    ;
00002343389,    ;
00002336504,    ;
00002346819,    ;
00002384070,    ;
00002356985,    ;
00002343553,    ;
00002423351,    ;
00002300806,    ;
00002334162,    ;
00002337646,    ;
00002302663,    ;
00002399203,    ;
00002388488,    ;
00002471764,    ;
00002291781,    ;
00002334030,    ;
00002436228,    ;
00002409933,    ;
00002336795,    ;
00002467324,    ;
00002442634,    ;
00002393194,    ;
00002357317,    ;
00002353070,    ;
00002474007,    ;
00002389503,    ;
00002405825,    ;
00002351580,    ;
00002354156,    ;
00002376997,    ;
00002446033,    ;
00002349257,    ;
00002366284,    ;
00002412593,    ;
00002384685,    ;
00002406122,    ;
00002360533,    ;
00002415277,    ;
00002494844,    ;
00002427129,    ;
00002339261,    ;
00002384043,    ;
00002367208,    ;
00002375879,    ;
00002369502,    ;
00002379313,    ;
00002411827,    ;
00002354582,    ;
00002307179,    ;
00002461815,    ;
00002364295,    ;
00002428769,    ;
00002447219,    ;
00002420975,    ;
00002361663,    ;
00002342291,    ;
00002427439,    ;
00002416575,    ;
00002403682,    ;
00002359978,    ;
00002358689,    ;
00002409921,    ;
00002353329,    ;
00002380191,    ;
00002279203,    ;
00002294351,    ;
00002408013,    ;
00002457823,    ;
00002385351,    ;
00002342375,    ;
00002332326,    ;
00002384960,    ;
00002334694,    ;
00002438447,    ;
00002437340,    ;
00002446584,    ;
00002383255,    ;
00002443166,    ;
00002371489,    ;
00002379923,    ;
00002473065,    ;
00002306497,    ;
00002404128,    ;
00002387040,    ;
00002387361,    ;
00002476508,    ;
00002367207,    ;
00002361607,    ;
00002355527,    ;
00002484063,    ;
00002366024,    ;
00002298204,    ;
00002413589,    ;
00002390979,    ;
00002375904,    ;
00002483181,    ;
00002472950,    ;
00002361205,    ;
00002409523,    ;
00002443829,    ;
00002324767,    ;
00002428562,    ;
00002340668,    ;
00002398274,    ;
00002400540,    ;
00002392922,    ;
00002432316,    ;
00002433882,    ;
00002385810,    ;
00002449762,    ;
00002400869,    ;
00002358005,    ;
00002379740,    ;
00002350237,    ;
00002388991,    ;
00002340381,    ;
00002294568,    ;
00002362067,    ;
00002498626,    ;
00002333972,    ;
00002365635,    ;
00002379985,    ;
00002379450,    ;
00002355807,    ;
00002454994,    ;
00002486406,    ;
00002374900,    ;
00002393225,    ;
00002342553,    ;
00002373629,    ;
00002459435,    ;
00002447569,    ;
00002350963,    ;
00002436763,    ;
00002455321,    ;
00002426718,    ;
00002426480,    ;
00002418137,    ;
00002446458,    ;
00002430049,    ;
00002411685,    ;
00002287376,    ;
00002424074,    ;
00002323211,    ;
00002491742,    ;
00002409618,    ;
00002478767,    ;
00002404791,    ;
00002394088,    ;
00002420502,    ;
00002399892,    ;
00002349334,    ;
00002400248,    ;
00002424666,    ;
00002400719,    ;
00002397290,    ;
00002287169,    ;
00002355642,    ;
00002358674,    ;
00002396241,    ;
00002467155,    ;
00002345797,    ;
00002460125,    ;
00002378345,    ;
00002461654,    ;
00002394425,    ;
00002462077,    ;
00002419255,    ;
00002374064,    ;
00002354128,    ;
00002343629,    ;
00002384583,    ;
00002374145,    ;
00002444562,    ;
00002281792,    ;
00002349644,    ;
00002449086,    ;
00002409972,    ;
00002295979,    ;
00002334528,    ;
00002429531,    ;
00002344061,    ;
00002290874,    ;
00002382267,    ;
00002445636,    ;
00002353343,    ;
00002442153,    ;
00002485860,    ;
00002357652,    ;
00002292669,    ;
00002445110,    ;
00002450129,    ;
00002326903,    ;
00002309389,    ;
00002485530,    ;
00002363720,    ;
00002384867,    ;
00002302861,    ;
00002368666,    ;
00002390199,    ;
00002327703,    ;
00002530943,    ;
00002386627,    ;
00002398222,    ;
00002387377,    ;
00002372797,    ;
00002430867,    ;
00002380563,    ;
00002333952,    ;
00002301375,    ;
00002451493,    ;
00002390919,    ;
00002406991,    ;
00002396520,    ;
00002472733,    ;
00002393130,    ;
00002301566,    ;
00002298680,    ;
00002338006,    ;
00002336845,    ;
00002363397,    ;
00002413733,    ;
00002347989,    ;
00002351035,    ;
00002421268,    ;
00002403954,    ;
00002430835,    ;
00002364111,    ;
00002421998,    ;
00002325504,    ;
00002370247,    ;
00002419824,    ;
00002409890,    ;
00002433196,    ;
00002323906,    ;
00002360223,    ;
00002369604,    ;
00002403169,    ;
00002319498,    ;
00002404463,    ;
00002414049,    ;
00002442395,    ;
00002428035,    ;
00002349998,    ;
00002369561,    ;
00002460634,    ;
00002346267,    ;
00002419054,    ;
00002468247,    ;
00002376854,    ;
00002475374,    ;
00002315675,    ;
00002439755,    ;
00002403278,    ;
00002301655,    ;
00002295930,    ;
00002519303,    ;
00002357965,    ;
00002411795,    ;
00002334215,    ;
00002418010,    ;
00002464851,    ;
00002297642,    ;
00002403267,    ;
00002382109,    ;
00002289782,    ;
00002398964,    ;
00002347837,    ;
00002384939,    ;
00002318543,    ;
00002414509,    ;
00002474662,    ;
00002381374,    ;
00002384147,    ;
00002469127,    ;
00002432177,    ;
00002254906,    ;
00002450582,    ;
00002322602,    ;
00002430031,    ;
00002349430,    ;
00002421739,    ;
00002300225,    ;
00002295731,    ;
00002310372,    ;
00002479707,    ;
00002432413,    ;
00002386502,    ;
00002299200,    ;
00002460940,    ;
00002343949,    ;
00002364938,    ;
00002370765,    ;
00002284577,    ;
00002397996,    ;
00002305553,    ;
00002451760,    ;
00002430118,    ;
00002354812,    ;
00002406847,    ;
00002318688,    ;
00002259320,    ;
00002391833,    ;
00002447030,    ;
00002341806,    ;
00002391007,    ;
00002443464,    ;
00002369778,    ;
00002316294,    ;
00002381081,    ;
00002345092,    ;
00002320395,    ;
00002419612,    ;
00002344606,    ;
00002399960,    ;
00002391835,    ;
00002404690,    ;
00002319153,    ;
00002441051,    ;
00002372825,    ;
00002392613,    ;
00002339546,    ;
00002332432,    ;
00002281649,    ;
00002309350,    ;
00002373997,    ;
00002457259,    ;
00002366092,    ;
00002464300,    ;
00002469373,    ;
00002424981,    ;
00002319831,    ;
00002404762,    ;
00002393950,    ;
00002352993,    ;
00002309667,    ;
00002282321,    ;
00002367635,    ;
00002314662,    ;
00002367730,    ;
00002364424,    ;
00002384423,    ;
00002391097,    ;
00002327923,    ;
00002348681,    ;
00002369022,    ;
00002404292,    ;
00002343505,    ;
00002372105,    ;
00002380783,    ;
00002423955,    ;
00002368021,    ;
00002432926,    ;
00002443588,    ;
00002416055,    ;
00002408143,    ;
00002382687,    ;
00002419290,    ;
00002340851,    ;
00002403096,    ;
00002354428,    ;
00002459185,    ;
00002392221,    ;
00002461454,    ;
00002413930,    ;
00002373485,    ;
00002358270,    ;
00002333116,    ;
00002384160,    ;
00002314962,    ;
00002383885,    ;
00002336816,    ;
00002439213,    ;
00002385043,    ;
00002388911,    ;
00002433949,    ;
00002381879,    ;
00002342682,    ;
00002391038,    ;
00002372567,    ;
00002319191,    ;
00002428002,    ;
00002370087,    ;
00002438431,    ;
00002467320,    ;
00002324150,    ;
00002333142,    ;
00002346187,    ;
00002324848,    ;
00002346852,    ;
00002367250,    ;
00002412341,    ;
00002379327,    ;
00002431037,    ;
00002457028,    ;
00002404418,    ;
00002465203,    ;
00002345509,    ;
00002365777,    ;
00002456756,    ;
00002494799,    ;
00002438590,    ;
00002343818,    ;
00002414527,    ;
00002377650,    ;
00002363748,    ;
00002351671,    ;
00002418449,    ;
00002441233,    ;
00002335489,    ;
00002430686,    ;
00002352056,    ;
00002361111,    ;
00002306108,    ;
00002414149,    ;
00002323822,    ;
00002442244,    ;
00002422533,    ;
00002433891,    ;
00002399691,    ;
00002423993,    ;
00002410634,    ;
00002368229,    ;
00002388073,    ;
00002339441,    ;
00002326637,    ;
00002485910,    ;
00002345601,    ;
00002370363,    ;
00002470558,    ;
00002463341,    ;
00002446567,    ;
00002371518,    ;
00002358922,    ;
00002423668,    ;
00002425570,    ;
00002448889,    ;
00002422154,    ;
00002508508,    ;
00002441063,    ;
00002361771,    ;
00002471450,    ;
00002341326,    ;
00002307979,    ;
00002375111,    ;
00002396875,    ;
00002417683,    ;
00002388799,    ;
00002404638,    ;
00002409296,    ;
00002345223,    ;
00002401566,    ;
00002463824,    ;
00002377178,    ;
00002347423,    ;
00002355243,    ;
00002355446,    ;
00002388676,    ;
00002454907,    ;
00002328101,    ;
00002415057,    ;
00002364464,    ;
00002282952,    ;
00002427686,    ;
00002400950,    ;
00002465498,    ;
00002390201,    ;
00002386292,    ;
00002362050,    ;
00002455749,    ;
00002322801,    ;
00002403208,    ;
00002445003,    ;
00002470995,    ;
00002345841,    ;
00002394918,    ;
00002400151,    ;
00002424792,    ;
00002371688,    ;
00002345444,    ;
00002424101,    ;
00002407298,    ;
00002442471,    ;
00002362652,    ;
00002344317,    ;
00002399176,    ;
00002310809,    ;
00002430282,    ;
00002390356,    ;
00002331866,    ;
00002456396,    ;
00002325831,    ;
00002483928,    ;
00002419960,    ;
00002386421,    ;
00002405679,    ;
00002341639,    ;
00002375145,    ;
00002393163,    ;
00002410570,    ;
00002306499,    ;
00002417765,    ;
00002407515,    ;
00002390657,    ;
00002363991,    ;
00002332533,    ;
00002457042,    ;
00002301933,    ;
00002461302,    ;
00002371961,    ;
00002392923,    ;
00002424615,    ;
00002376280,    ;
00002406246,    ;
00002396293,    ;
00002388678,    ;
00002311827,    ;
00002404392,    ;
00002408936,    ;
00002426812,    ;
00002392630,    ;
00002212005,    ;
00002366738,    ;
00002311450,    ;
00002460414,    ;
00002421856,    ;
00002386028,    ;
00002386927,    ;
00002402292,    ;
00002332644,    ;
00002329622,    ;
00002452653,    ;
00002376811,    ;
00002443612,    ;
00002493612,    ;
00002417429,    ;
00002342547,    ;
00002453166,    ;
00002466761,    ;
00002400823,    ;
00002412891,    ;
00002508760,    ;
00002379156,    ;
00002350920,    ;
00002345572,    ;
00002380202,    ;
00002370184,    ;
00002446622,    ;
00002404553,    ;
00002415244,    ;
00002339596,    ;
00002379813,    ;
00002378274,    ;
00002374040,    ;
00002375471,    ;
00002427441,    ;
00002342205,    ;
00002299729,    ;
00002338058,    ;
00002394915,    ;
00002456939,    ;
00002406080,    ;
00002226069,    ;
00002385641,    ;
00002432058,    ;
00002375396,    ;
00002393569,    ;
00002363058,    ;
00002335130,    ;
00002339887,    ;
00002387875,    ;
00002382363,    ;
00002341635,    ;
00002396189,    ;
00002490239,    ;
00002384937,    ;
00002357338,    ;
00002345540,    ;
00002400802,    ;
00002291732,    ;
00002404745,    ;
00002326416,    ;
00002308544,    ;
00002416030,    ;
00002406249,    ;
00002421793,    ;
00002396272,    ;
00002322969,    ;
00002378964,    ;
00002437203,    ;
00002444571,    ;
00002373477,    ;
00002346655,    ;
00002422416,    ;
00002367470,    ;
00002418682,    ;
00002423916,    ;
00002399387,    ;
00002482149,    ;
00002454766,    ;
00002374732,    ;
00002367151,    ;
00002325557,    ;
00002419166,    ;
00002423810,    ;
00002470213,    ;
00002378267,    ;
00002339669,    ;
00002493261,    ;
00002445331,    ;
00002372339,    ;
00002428625,    ;
00002350960,    ;
00002380374,    ;
00002417960,    ;
00002350359,    ;
00002376320,    ;
00002396261,    ;
00002351557,    ;
00002432400,    ;
00002349918,    ;
00002355604,    ;
00002363020,    ;
00002345264,    ;
00002263335,    ;
00002314581,    ;
00002370440,    ;
00002338728,    ;
00002322978,    ;
00002337326,    ;
00002312335,    ;
00002414699,    ;
00002302397,    ;
00002379602,    ;
00002356179,    ;
00002341317,    ;
00002455188,    ;
00002334791,    ;
00002386317,    ;
00002402473,    ;
00002358439,    ;
00002328183,    ;
00002404050,    ;
00002401468,    ;
00002341098,    ;
00002390766,    ;
00002348104,    ;
00002394323,    ;
00002341461,    ;
00002405623,    ;
00002455991,    ;
00002385802,    ;
00002323945,    ;
00002365975,    ;
00002417089,    ;
00002392564,    ;
00002371719,    ;
00002416593,    ;
00002433535,    ;
00002383806,    ;
00002388594,    ;
00002350655,    ;
00002328075,    ;
00002373055,    ;
00002394773,    ;
00002402559,    ;
00002430703,    ;
00002398196,    ;
00002472649,    ;
00002347772,    ;
00002294475,    ;
00002367409,    ;
00002334983,    ;
00002391893,    ;
00002354017,    ;
00002421988,    ;
00002332103,    ;
00002383040,    ;
00002317775,    ;
00002413530,    ;
00002409614,    ;
00002407772,    ;
00002216858,    ;
00002375968,    ;
00002388007,    ;
00002384174,    ;
00002312968,    ;
00002453804,    ;
00002316747,    ;
00002488414,    ;
00002364641,    ;
00002393262,    ;
00002386654,    ;
00002389395,    ;
00002387602,    ;
00002374035,    ;
00002372494,    ;
00002412681,    ;
00002281082,    ;
00002300141,    ;
00002350185,    ;
00002361647,    ;
00002370048,    ;
00002376517,    ;
00002409779,    ;
00002296363,    ;
00002421774,    ;
00002418416,    ;
00002399290,    ;
00002317357,    ;
00002378421,    ;
00002357378,    ;
00002447586,    ;
00002366824,    ;
00002391412,    ;
00002355607,    ;
00002444801,    ;
00002319885,    ;
00002404619,    ;
00002438932,    ;
00002396143,    ;
00002370417,    ;
00002391023,    ;
00002367355,    ;
00002319926,    ;
00002422817,    ;
00002430456,    ;
00002451701,    ;
00002399241,    ;
00002377647,    ;
00002438720,    ;
00002303968,    ;
00002312508,    ;
00002438359,    ;
00002365948,    ;
00002377113,    ;
00002349279,    ;
00002387766,    ;
00002367600,    ;
00002402980,    ;
00002328179,    ;
00002332944,    ;
00002411763,    ;
00002380806,    ;
00002353470,    ;
00002361504,    ;
00002273988,    ;
00002455012,    ;
00002406713,    ;
00002419062,    ;
00002393475,    ;
00002337900,    ;
00002444353,    ;
00002414793,    ;
00002382251,    ;
00002519803,    ;
00002412306,    ;
00002339888,    ;
00002341483,    ;
00002353972,    ;
00002428843,    ;
00002521228,    ;
00002342314,    ;
00002326293,    ;
00002386294,    ;
00002410673,    ;
00002353951,    ;
00002367869,    ;
00002335834,    ;
00002395567,    ;
00002375341,    ;
00002439092,    ;
00002374100,    ;
00002350055,    ;
00002338886,    ;
00002378544,    ;
00002407735,    ;
00002284434,    ;
00002465909,    ;
00002427186,    ;
00002330461,    ;
00002372765,    ;
00002354941,    ;
00002410707,    ;
00002395638,    ;
00002403721,    ;
00002354022,    ;
00002318078,    ;
00002385749,    ;
00002415071,    ;
00002458613,    ;
00002354361,    ;
00002422657,    ;
00002444185,    ;
00002449741,    ;
00002419018,    ;
00002381110,    ;
00002442398,    ;
00002389113,    ;
00002484600,    ;
00002343123,    ;
00002356884,    ;
00002377245,    ;
00002398537,    ;
00002297083,    ;
00002409112,    ;
00002350261,    ;
00002373861,    ;
00002349486,    ;
00002341175,    ;
00002400616,    ;
00002392057,    ;
00002433659,    ;
00002347146,    ;
00002348966,    ;
00002425690,    ;
00002371219,    ;
00002446841,    ;
00002401727,    ;
00002451318,    ;
00002365693,    ;
00002343751,    ;
00002428140,    ;
00002465471,    ;
00002333968,    ;
00002355505,    ;
00002470991,    ;
00002378298,    ;
00002438984,    ;
00002453605,    ;
00002377565,    ;
00002386744,    ;
00002443838,    ;
00002366830,    ;
00002302880,    ;
00002354451,    ;
00002398846,    ;
00002357590,    ;
00002494579,    ;
00002389755,    ;
00002327101,    ;
00002398990,    ;
00002419687,    ;
00002415598,    ;
00002447320,    ;
00002361865,    ;
00002343453,    ;
00002426817,    ;
00002293072,    ;
00002396561,    ;
00002376307,    ;
00002422798,    ;
00002421247,    ;
00002462319,    ;
00002406441,    ;
00002347203,    ;
00002367896,    ;
00002431666,    ;
00002340788,    ;
00002361766,    ;
00002449298,    ;
00002327702,    ;
00002329404,    ;
00002406147,    ;
00002245523,    ;
00002460649,    ;
00002371102,    ;
00002282802,    ;
00002394830,    ;
00002407330,    ;
00002385751,    ;
00002385747,    ;
00002432687,    ;
00002441885,    ;
00002330001,    ;
00002473282,    ;
00002418495,    ;
00002460583,    ;
00002488461,    ;
00002399550,    ;
00002362251,    ;
00002404399,    ;
00002378712,    ;
00002363789,    ;
00002386667,    ;
00002355662,    ;
00002428192,    ;
00002375120,    ;
00002400876,    ;
00002355011,    ;
00002318380,    ;
00002332034,    ;
00002411289,    ;
00002381563,    ;
00002442828,    ;
00002466682,    ;
00002412041,    ;
00002411852,    ;
00002348882,    ;
00002369726,    ;
00002399569,    ;
00002457617,    ;
00002351224,    ;
00002433817,    ;
00002365700,    ;
00002445949,    ;
00002367215,    ;
00002369180,    ;
00002307516,    ;
00002310722,    ;
00002346014,    ;
00002382492,    ;
00002317849,    ;
00002339632,    ;
00002379070,    ;
00002329271,    ;
00002436284,    ;
00002381062,    ;
00002349595,    ;
00002433428,    ;
00002299697,    ;
00002364241,    ;
00002373305,    ;
00002410437,    ;
00002354852,    ;
00002361460,    ;
00002410268,    ;
00002438716,    ;
00002397430,    ;
00002414823,    ;
00002466687,    ;
00002383288,    ;
00002443202,    ;
00002425309,    ;
00002381727,    ;
00002357262,    ;
00002399175,    ;
00002411616,    ;
00002428097,    ;
00002431077,    ;
00002453249,    ;
00002383591,    ;
00002333417,    ;
00002348605,    ;
00002441810,    ;
00002399571,    ;
00002424478,    ;
00002344824,    ;
00002345913,    ;
00002377793,    ;
00002335374,    ;
00002328972,    ;
00002341745,    ;
00002423990,    ;
00002409420,    ;
00002439088,    ;
00002417095,    ;
00002383186,    ;
00002369049,    ;
00002368067,    ;
00002416269,    ;
00002340227,    ;
00002446541,    ;
00002383800,    ;
00002410362,    ;
00002339699,    ;
00002395666,    ;
00002356254,    ;
00002345793,    ;
00002368030,    ;
00002360109,    ;
00002444820,    ;
00002378791,    ;
00002328898,    ;
00002363928,    ;
00002281410,    ;
00002319013,    ;
00002266178,    ;
00002408830,    ;
00002326905,    ;
00002331932,    ;
00002381478,    ;
00002357946,    ;
00002429184,    ;
00002385647,    ;
00002467462,    ;
00002449366,    ;
00002366009,    ;
00002366188,    ;
00002364584,    ;
00002385708,    ;
00002297951,    ;
00002344872,    ;
00002520700,    ;
00002296056,    ;
00002329906,    ;
00002512357,    ;
00002402942,    ;
00002344952,    ;
00002292285,    ;
00002390524,    ;
00002411398,    ;
00002451014,    ;
00002426922,    ;
00002377021,    ;
00002482415,    ;
00002380538,    ;
00002448486,    ;
00002386716,    ;
00002387730,    ;
00002309301,    ;
00002417624,    ;
00002418353,    ;
00002401728,    ;
00002379829,    ;
00002427524,    ;
00002298506,    ;
00002380948,    ;
00002400994,    ;
00002467627,    ;
00002373042,    ;
00002410297,    ;
00002362111,    ;
00002406724,    ;
00002385811,    ;
00002475801,    ;
00002419977,    ;
00002320292,    ;
00002379666,    ;
00002401837,    ;
00002390968,    ;
00002412023,    ;
00002380106,    ;
00002426642,    ;
00002417448,    ;
00002397756,    ;
00002295955,    ;
00002440764,    ;
00002356976,    ;
00002385918,    ;
00002355550,    ;
00002333181,    ;
00002394476,    ;
00002375262,    ;
00002341711,    ;
00002358847,    ;
00002390233,    ;
00002316294,    ;
00002374579,    ;
00002358897,    ;
00002267242,    ;
00002413096,    ;
00002299396,    ;
00002344497,    ;
00002350275,    ;
00002468279,    ;
00002417659,    ;
00002462714,    ;
00002332659,    ;
00002544362,    ;
00002424768,    ;
00002353700,    ;
00002311871,    ;
00002307888,    ;
00002381818,    ;
00002379824,    ;
00002327089,    ;
00002438232,    ;
00002339950,    ;
00002401394,    ;
00002364340,    ;
00002390026,    ;
00002361695,    ;
00002452173,    ;
00002361348,    ;
00002330961,    ;
00002483937,    ;
00002419433,    ;
00002505739,    ;
00002383519,    ;
00002379953,    ;
00002369422,    ;
00002427625,    ;
00002293487,    ;
00002369368,    ;
00002440999,    ;
00002348298,    ;
00002395857,    ;
00002368112,    ;
00002387504,    ;
00002397222,    ;
00002360508,    ;
00002381669,    ;
00002414094,    ;
00002426198,    ;
00002354369,    ;
00002354644,    ;
00002350794,    ;
00002360037,    ;
00002308510,    ;
00002378720,    ;
00002323145,    ;
00002341133,    ;
00002392806,    ;
00002394119,    ;
00002363973,    ;
00002432028,    ;
00002378392,    ;
00002431459,    ;
00002413635,    ;
00002355050,    ;
00002408691,    ;
00002355234,    ;
00002411437,    ;
00002427623,    ;
00002265289,    ;
00002388134,    ;
00002360646,    ;
00002356293,    ;
00002408234,    ;
00002325079,    ;
00002416146,    ;
00002429438,    ;
00002331546,    ;
00002328902,    ;
00002442883,    ;
00002310928,    ;
00002215546,    ;
00002363227,    ;
00002335695,    ;
00002504336,    ;
00002408516,    ;
00002292190,    ;
00002287195,    ;
00002344629,    ;
00002363855,    ;
00002405800,    ;
00002378188,    ;
00002455423,    ;
00002342620,    ;
00002365435,    ;
00002320965,    ;
00002441893,    ;
00002364698,    ;
00002486640,    ;
00002406527,    ;
00002328241,    ;
00002394670,    ;
00002321023,    ;
00002333075,    ;
00002314479,    ;
00002409460,    ;
00002395073,    ;
00002377895,    ;
00002365877,    ;
00002386688,    ;
00002403796,    ;
00002381415,    ;
00002420917,    ;
00002397178,    ;
00002399379,    ;
00002331081,    ;
00002295755,    ;
00002418837,    ;
00002360298,    ;
00002350363,    ;
00002427280,    ;
00002458850,    ;
00002408887,    ;
00002431066,    ;
00002325693,    ;
00002397351,    ;
00002360988,    ;
00002446249,    ;
00002412806,    ;
00002288285,    ;
00002424896,    ;
00002339189,    ;
00002443036,    ;
00002357298,    ;
00002330705,    ;
00002304561,    ;
00002386933,    ;
00002437968,    ;
00002347428,    ;
00002388444,    ;
00002361041,    ;
00002447145,    ;
00002373790,    ;
00002344625,    ;
00002400363,    ;
00002385782,    ;
00002329805,    ;
00002345819,    ;
00002411294,    ;
00002363494,    ;
00002417240,    ;
00002250454,    ;
00002388435,    ;
00002391084,    ;
00002331981,    ;
00002405395,    ;
00002461950,    ;
00002451815,    ;
00002397846,    ;
00002342970,    ;
00002420021,    ;
00002396147,    ;
00002374742,    ;
00002348260,    ;
00002458241,    ;
00002365242,    ;
00002383907,    ;
00002356718,    ;
00002353350,    ;
00002377705,    ;
00002368141,    ;
00002507650,    ;
00002375212,    ;
00002385460,    ;
00002515692,    ;
00002348012,    ;
00002389426,    ;
00002400834,    ;
00002474257,    ;
00002497243,    ;
00002302105,    ;
00002368570,    ;
00002461826,    ;
00002369863,    ;
00002361080,    ;
00002241608,    ;
00002409906,    ;
00002335795,    ;
00002338037,    ;
00002360101,    ;
00002392326,    ;
00002433782,    ;
00002381053,    ;
00002425634,    ;
00002346746,    ;
00002454960,    ;
00002433399,    ;
00002411915,    ;
00002258113,    ;
00002268693,    ;
00002422652,    ;
00002367501,    ;
00002482842,    ;
00002331032,    ;
00002347375,    ;
00002379304,    ;
00002426380,    ;
00002297260,    ;
00002432839,    ;
00002445351,    ;
00002298741,    ;
00002273499,    ;
00002420454,    ;
00002261958,    ;
00002331475,    ;
00002297113,    ;
00002419945,    ;
00002425055,    ;
00002324073,    ;
00002397416,    ;
00002382885,    ;
00002383071,    ;
00002367678,    ;
00002370638,    ;
00002438426,    ;
00002436843,    ;
00002416822,    ;
00002358817,    ;
00002328903,    ;
00002373887,    ;
00002406608,    ;
00002351560,    ;
00002338334,    ;
00002327548,    ;
00002393697,    ;
00002381213,    ;
00002357883,    ;
00002349293,    ;
00002389921,    ;
00002418792,    ;
00002423931,    ;
00002414622,    ;
00002404170,    ;
00002382908,    ;
00002408286,    ;
00002351780,    ;
00002317340,    ;
00002347274,    ;
00002427489,    ;
00002398913,    ;
00002434906,    ;
00002318036,    ;
00002376671,    ;
00002418058,    ;
00002348947,    ;
00002312673,    ;
00002406529,    ;
00002456852,    ;
00002398448,    ;
00002381308,    ;
00002374939,    ;
00002327052,    ;
00002456200,    ;
00002363429,    ;
00002410418,    ;
00002418781,    ;
00002529059,    ;
00002463416,    ;
00002423634,    ;
00002441765,    ;
00002372834,    ;
00002266907,    ;
00002417928,    ;
00002387931,    ;
00002382836,    ;
00002401346,    ;
00002322763,    ;
00002400709,    ;
00002401225,    ;
00002371542,    ;
00002360114,    ;
00002351630,    ;
00002320070,    ;
00002357875,    ;
00002374617,    ;
00002334021,    ;
00002459384,    ;
00002403113,    ;
00002290894,    ;
00002362967,    ;
00002333741,    ;
00002374422,    ;
00002425132,    ;
00002397967,    ;
00002460752,    ;
00002445375,    ;
00002381187,    ;
00002466344,    ;
00002305710,    ;
00002329344,    ;
00002430157,    ;
00002400913,    ;
00002327730,    ;
00002327079,    ;
00002415906,    ;
00002386337,    ;
00002453039,    ;
00002329217,    ;
00002378746,    ;
00002420257,    ;
00002358609,    ;
00002296678,    ;
00002304428,    ;
00002400155,    ;
00002369558,    ;
00002453718,    ;
00002301596,    ;
00002453977,    ;
00002343372,    ;
00002395642,    ;
00002380470,    ;
00002350140,    ;
00002295416,    ;
00002387629,    ;
00002378606,    ;
00002364341,    ;
00002363063,    ;
00002368807,    ;
00002382505,    ;
00002421890,    ;
00002308759,    ;
00002392089,    ;
00002435711,    ;
00002423130,    ;
00002382572,    ;
00002480439,    ;
00002341239,    ;
00002454942,    ;
00002339943,    ;
00002421114,    ;
00002322586,    ;
00002328210,    ;
00002378212,    ;
00002340749,    ;
00002288920,    ;
00002346817,    ;
00002385923,    ;
00002435387,    ;
00002369875,    ;
00002393705,    ;
00002337647,    ;
00002330839,    ;
00002382115,    ;
00002374869,    ;
00002342680,    ;
00002322523,    ;
00002419752,    ;
00002419154,    ;
00002409845,    ;
00002400493,    ;
00002402556,    ;
00002377272,    ;
00002359634,    ;
00002475387,    ;
00002426765,    ;
00002446304,    ;
00002400114,    ;
00002383923,    ;
00002372566,    ;
00002333514,    ;
00002394040,    ;
00002300317,    ;
00002403061,    ;
00002403375,    ;
00002319564,    ;
00002376352,    ;
00002205938,    ;
00002382376,    ;
00002374595,    ;
00002458386,    ;
00002389314,    ;
00002461296,    ;
00002292336,    ;
00002316354,    ;
00002433222,    ;
00002380204,    ;
00002381782,    ;
00002316268,    ;
00002284915,    ;
00002437372,    ;
00002408325,    ;
00002397799,    ;
00002358035,    ;
00002502742,    ;
00002368133,    ;
00002359827,    ;
00002425999,    ;
00002409575,    ;
00002427042,    ;
00002394020,    ;
00002407407,    ;
00002365493,    ;
00002386997,    ;
00002391339,    ;
00002354596,    ;
00002383476,    ;
00002334251,    ;
00002389838,    ;
00002404426,    ;
00002425748,    ;
00002360420,    ;
00002470120,    ;
00002369433,    ;
00002372931,    ;
00002325741,    ;
00002309498,    ;
00002441893,    ;
00002414625,    ;
00002318109,    ;
00002232857,    ;
00002328587,    ;
00002392676,    ;
00002363461,    ;
00002361701,    ;
00002413241,    ;
00002335321,    ;
00002356304,    ;
00002264655,    ;
00002356307,    ;
00002444529,    ;
00002358054,    ;
00002381092,    ;
00002354843,    ;
00002356546,    ;
00002368234,    ;
00002376497,    ;
00002535026,    ;
00002518791,    ;
00002429714,    ;
00002421145,    ;
00002417010,    ;
00002497876,    ;
00002419430,    ;
00002341549,    ;
00002354273,    ;
00002245557,    ;
00002329971,    ;
00002400972,    ;
00002441974,    ;
00002369563,    ;
00002339704,    ;
00002377124,    ;
00002299116,    ;
00002338063,    ;
00002378277,    ;
00002401740,    ;
00002394649,    ;
00002398716,    ;
00002349084,    ;
00002337769,    ;
00002302004,    ;
00002358393,    ;
00002369401,    ;
00002439389,    ;
00002348299,    ;
00002387333,    ;
00002327467,    ;
00002355379,    ;
00002349840,    ;
00002376000,    ;
00002442354,    ;
00002339215,    ;
00002364024,    ;
00002452174,    ;
00002323676,    ;
00002343964,    ;
00002239480,    ;
00002360260,    ;
00002342050,    ;
00002423337,    ;
00002411032,    ;
00002390024,    ;
00002340781,    ;
00002361960,    ;
00002367131,    ;
00002377545,    ;
00002368357,    ;
00002324030,    ;
00002410510,    ;
00002383621,    ;
00002415094,    ;
00002402228,    ;
00002502683,    ;
00002392036,    ;
00002372466,    ;
00002396031,    ;
00002390528,    ;
00002419086,    ;
00002419050,    ;
00002352431,    ;
00002430549,    ;
00002415393,    ;
00002374897,    ;
00002332614,    ;
00002415933,    ;
00002407764,    ;
00002331307,    ;
00002381047,    ;
00002385670,    ;
00002423843,    ;
00002387684,    ;
00002390510,    ;
00002374005,    ;
00002395338,    ;
00002485754,    ;
00002373545,    ;
00002429902,    ;
00002352739,    ;
00002481828,    ;
00002489880,    ;
00002456178,    ;
00002372419,    ;
00002253777,    ;
00002459795,    ;
00002339487,    ;
00002356455,    ;
00002373493,    ;
00002476283,    ;
00002346210,    ;
00002361202,    ;
00002448309,    ;
00002404388,    ;
00002436437,    ;
00002398993,    ;
00002363799,    ;
00002451424,    ;
00002466673,    ;
00002381514,    ;
00002347866,    ;
00002450212,    ;
00002452800,    ;
00002446782,    ;
00002423969,    ;
00002331845,    ;
00002394065,    ;
00002383513,    ;
00002407197,    ;
00002348206,    ;
00002350470,    ;
00002418843,    ;
00002445009,    ;
00002433795,    ;
00002436268,    ;
00002335599,    ;
00002442867,    ;
00002372090,    ;
00002327339,    ;
00002409958,    ;
00002402606,    ;
00002368438,    ;
00002381604,    ;
00002384157,    ;
00002428025,    ;
00002520258,    ;
00002423149,    ;
00002471584,    ;
00002409014,    ;
00002354702,    ;
00002260403,    ;
00002373699,    ;
00002493247,    ;
00002323003,    ;
00002423041,    ;
00002399545,    ;
00002258737,    ;
00002344652,    ;
00002331098,    ;
00002374469,    ;
00002385395,    ;
00002385902,    ;
00002361614,    ;
00002486484,    ;
00002365643,    ;
00002403879,    ;
00002407639,    ;
00002385322,    ;
00002462738,    ;
00002436726,    ;
00002381772,    ;
00002412325,    ;
00002450495,    ;
00002474939,    ;
00002414264,    ;
00002363304,    ;
00002404949,    ;
00002396600,    ;
00002210029,    ;
00002353237,    ;
00002404082,    ;
00002371167,    ;
00002416812,    ;
00002419043,    ;
00002371673,    ;
00002350592,    ;
00002245607,    ;
00002464994,    ;
00002348987,    ;
00002387637,    ;
00002454713,    ;
00002391645,    ;
00002498199,    ;
00002387230,    ;
00002335308,    ;
00002447728,    ;
00002422532,    ;
00002393587,    ;
00002352835,    ;
00002438742,    ;
00002360030,    ;
00002399525,    ;
00002306793,    ;
00002397680,    ;
00002386242,    ;
00002459000,    ;
00002368313,    ;
00002432219,    ;
00002353772,    ;
00002263384,    ;
00002326457,    ;
00002403874,    ;
00002317967,    ;
00002332274,    ;
00002324901,    ;
00002442443,    ;
00002378557,    ;
00002348714,    ;
00002487630,    ;
00002372391,    ;
00002402031,    ;
00002395429,    ;
00002489027,    ;
00002436408,    ;
00002398910,    ;
00002340970,    ;
00002516749,    ;
00002372768,    ;
00002438727,    ;
00002456040,    ;
00002492503,    ;
00002348716,    ;
00002320749,    ;
00002335020,    ;
00002518840,    ;
00002519850,    ;
00002407065,    ;
00002339883,    ;
00002453583,    ;
00002307527,    ;
00002341778,    ;
00002371044,    ;
00002346137,    ;
00002320575,    ;
00002360382,    ;
00002366777,    ;
00002430472,    ;
00002411871,    ;
00002410476,    ;
00002389137,    ;
00002286942,    ;
00002350334,    ;
00002346376,    ;
00002343942,    ;
00002305469,    ;
00002308816,    ;
00002335392,    ;
00002351424,    ;
00002409673,    ;
00002378819,    ;
00002368423,    ;
00002388613,    ;
00002375579,    ;
00002371927,    ;
00002324972,    ;
00002347870,    ;
00002409275,    ;
00002309872,    ;
00002339110,    ;
00002415975,    ;
00002309817,    ;
00002475327,    ;
00002366426,    ;
00002376962,    ;
00002415720,    ;
00002357169,    ;
00002517166,    ;
00002341085,    ;
00002376782,    ;
00002333698,    ;
00002343363,    ;
00002503642,    ;
00002345168,    ;
00002368021,    ;
00002338613,    ;
00002313483,    ;
00002431821,    ;
00002480095,    ;
00002375261,    ;
00002371478,    ;
00002403934,    ;
00002520985,    ;
00002375496,    ;
00002428364,    ;
00002494539,    ;
00002392628,    ;
00002411794,    ;
00002433214,    ;
00002370884,    ;
00002304887,    ;
00002425378,    ;
00002354854,    ;
00002269746,    ;
00002389184,    ;
00002422261,    ;
00002429390,    ;
00002358138,    ;
00002365367,    ;
00002449917,    ;
00002408822,    ;
00002491414,    ;
00002400224,    ;
00002408859,    ;
00002326419,    ;
00002427896,    ;
00002385094,    ;
00002361996,    ;
00002415968,    ;
00002330745,    ;
00002381687,    ;
00002413118,    ;
00002307479,    ;
00002398961,    ;
00002455048,    ;
00002393612,    ;
00002373283,    ;
00002382607,    ;
00002347036,    ;
00002434081,    ;
00002366047,    ;
00002363449,    ;
00002391405,    ;
00002448618,    ;
00002309978,    ;
00002355232,    ;
00002363006,    ;
00002400486,    ;
00002418809,    ;
00002346012,    ;
00002346189,    ;
00002361853,    ;
00002422336,    ;
00002383553,    ;
00002330756,    ;
00002297824,    ;
00002322565,    ;
00002408343,    ;
00002420700,    ;
00002408201,    ;
00002349967,    ;
00002311956,    ;
00002338129,    ;
00002479650,    ;
00002392126,    ;
00002405056,    ;
00002507964,    ;
00002305395,    ;
00002519571,    ;
00002352751,    ;
00002369713,    ;
00002415179,    ;
00002426427,    ;
00002396109,    ;
00002394367,    ;
00002395223,    ;
00002361312,    ;
00002391283,    ;
00002388453,    ;
00002492581,    ;
00002372608,    ;
00002403314,    ;
00002446332,    ;
00002373322,    ;
00002477446,    ;
00002419853,    ;
00002376797,    ;
00002425000,    ;
00002381858,    ;
00002364757,    ;
00002429898,    ;
00002384865,    ;
00002373124,    ;
00002397768,    ;
00002323936,    ;
00002371045,    ;
00002294329,    ;
00002382711,    ;
00002399981,    ;
00002355736,    ;
00002395477,    ;
00002309726,    ;
00002415208,    ;
00002414613,    ;
00002356233,    ;
00002447495,    ;
00002394513,    ;
00002425609,    ;
00002398523,    ;
00002427830,    ;
00002334874,    ;
00002345473,    ;
00002384853,    ;
00002284533,    ;
00002459853,    ;
00002477193,    ;
00002334152,    ;
00002400950,    ;
00002439717,    ;
00002380836,    ;
00002356183,    ;
00002511116,    ;
00002369570,    ;
00002308145,    ;
00002395178,    ;
00002346252,    ;
00002500923,    ;
00002438216,    ;
00002432162,    ;
00002330345,    ;
00002343320,    ;
00002275090,    ;
00002381872,    ;
00002376628,    ;
00002415451,    ;
00002414901,    ;
00002373423,    ;
00002389607,    ;
00002477907,    ;
00002375111,    ;
00002463370,    ;
00002356674,    ;
00002445027,    ;
00002354791,    ;
00002506970,    ;
00002333799,    ;
00002392093,    ;
00002267977,    ;
00002446895,    ;
00002362090,    ;
00002334666,    ;
00002379167,    ;
00002345484,    ;
00002404358,    ;
00002327022,    ;
00002399987,    ;
00002373161,    ;
00002378768,    ;
00002407243,    ;
00002459547,    ;
00002343734,    ;
00002391313,    ;
00002403443,    ;
00002436369,    ;
00002416697,    ;
00002329981,    ;
00002394268,    ;
00002389257,    ;
00002346104,    ;
00002407546,    ;
00002408795,    ;
00002438604,    ;
00002424841,    ;
00002443866,    ;
00002451011,    ;
00002403048,    ;
00002353362,    ;
00002459773,    ;
00002291240,    ;
00002468892,    ;
00002478897,    ;
00002331064,    ;
00002375989,    ;
00002411134,    ;
00002446333,    ;
00002357839,    ;
00002327462,    ;
00002447011,    ;
00002394353,    ;
00002340059,    ;
00002388600,    ;
00002360770,    ;
00002382528,    ;
00002311437,    ;
00002429352,    ;
00002408650,    ;
00002314159,    ;
00002352097,    ;
00002357012,    ;
00002297024,    ;
00002450232,    ;
00002472802,    ;
00002337200,    ;
00002335094,    ;
00002377042,    ;
00002341607,    ;
00002421774,    ;
00002429770,    ;
00002386712,    ;
00002372473,    ;
00002445460,    ;
00002373812,    ;
00002451309,    ;
00002315174,    ;
00002406253,    ;
00002364025,    ;
00002396375,    ;
00002297179,    ;
00002427230,    ;
00002319353,    ;
00002398313,    ;
00002470819,    ;
00002306260,    ;
00002348205,    ;
00002388719,    ;
00002438417,    ;
00002430019,    ;
00002397980,    ;
00002432727,    ;
00002338632,    ;
00002364092,    ;
00002345618,    ;
00002429937,    ;
00002350677,    ;
00002430001,    ;
00002389313,    ;
00002375746,    ;
00002406403,    ;
00002373872,    ;
00002396418,    ;
00002363678,    ;
00002361363,    ;
00002351626,    ;
00002422211,    ;
00002328286,    ;
00002424166,    ;
00002391034,    ;
00002475897,    ;
00002409561,    ;
00002363682,    ;
00002263801,    ;
00002379875,    ;
00002446886,    ;
00002430018,    ;
00002370772,    ;
00002229292,    ;
00002395767,    ;
00002398885,    ;
00002327690,    ;
00002432672,    ;
00002363170,    ;
00002359470,    ;
00002390071,    ;
00002325546,    ;
00002433597,    ;
00002368331,    ;
00002429714,    ;
00002520130,    ;
00002414657,    ;
00002357306,    ;
00002423238,    ;
00002393015,    ;
00002367652,    ;
00002444733,    ;
00002393849,    ;
00002415317,    ;
00002319132,    ;
00002395432,    ;
00002455306,    ;
00002453253,    ;
00002338546,    ;
00002333027,    ;
00002341062,    ;
00002399158,    ;
00002413385,    ;
00002500474,    ;
00002358503,    ;
00002391501,    ;
00002353090,    ;
00002405198,    ;
00002340629,    ;
00002401104,    ;
00002311227,    ;
00002382867,    ;
00002352485,    ;
00002381057,    ;
00002384046,    ;
00002310507,    ;
00002420089,    ;
00002345589,    ;
00002415547,    ;
00002446681,    ;
00002380640,    ;
00002388163,    ;
00002424327,    ;
00002368466,    ;
00002366716,    ;
00002378357,    ;
00002424902,    ;
00002459875,    ;
00002387858,    ;
00002427337,    ;
00002346188,    ;
00002342636,    ;
00002374529,    ;
00002367876,    ;
00002448018,    ;
00002490946,    ;
00002351582,    ;
00002364955,    ;
00002402358,    ;
00002426556,    ;
00002398974,    ;
00002398193,    ;
00002384544,    ;
00002358705,    ;
00002352184,    ;
00002285079,    ;
00002338979,    ;
00002416029,    ;
00002372872,    ;
00002454572,    ;
00002385379,    ;
00002338880,    ;
00002419828,    ;
00002287746,    ;
00002378086,    ;
00002339883,    ;
00002287674,    ;
00002510485,    ;
00002440836,    ;
00002477874,    ;
00002430541,    ;
00002347197,    ;
00002397891,    ;
00002316885,    ;
00002393966,    ;
00002372721,    ;
00002433933,    ;
00002359519,    ;
00002283548,    ;
00002352681,    ;
00002402662,    ;
00002510798,    ;
00002389791,    ;
00002289403,    ;
00002422086,    ;
00002385107,    ;
00002393622,    ;
00002293273,    ;
00002367079,    ;
00002290963,    ;
00002289980,    ;
00002364312,    ;
00002343467,    ;
00002386594,    ;
00002368406,    ;
00002435465,    ;
00002404615,    ;
00002368518,    ;
00002458405,    ;
00002298723,    ;
00002398247,    ;
00002385954,    ;
00002380089,    ;
00002338383,    ;
00002390272,    ;
00002392670,    ;
00002383452,    ;
00002371748,    ;
00002439653,    ;
00002430863,    ;
00002430923,    ;
00002344544,    ;
00002438741,    ;
00002432711,    ;
00002327582,    ;
00002362685,    ;
00002322641,    ;
00002399362,    ;
00002359929,    ;
00002425062,    ;
00002312266,    ;
00002382302,    ;
00002392566,    ;
00002395336,    ;
00002446244,    ;
00002339695,    ;
00002391989,    ;
00002305432,    ;
00002339549,    ;
00002332015,    ;
00002250884,    ;
00002512367,    ;
00002406760,    ;
00002376117,    ;
00002371558,    ;
00002390864,    ;
00002408389,    ;
00002385831,    ;
00002474246,    ;
00002367797,    ;
00002368446,    ;
00002395208,    ;
00002445355,    ;
00002320328,    ;
00002400123,    ;
00002372944,    ;
00002340612,    ;
00002320496,    ;
00002364637,    ;
00002356572,    ;
00002325110,    ;
00002479931,    ;
00002379363,    ;
00002356316,    ;
00002489455,    ;
00002383133,    ;
00002343207,    ;
00002434958,    ;
00002369134,    ;
00002443478,    ;
00002374459,    ;
00002355819,    ;
00002324640,    ;
00002397253,    ;
00002370681,    ;
00002413584,    ;
00002454421,    ;
00002427942,    ;
00002327321,    ;
00002322509,    ;
00002321484,    ;
00002446304,    ;
00002479030,    ;
00002436526,    ;
00002379495,    ;
00002398606,    ;
00002482933,    ;
00002311911,    ;
00002405996,    ;
00002353553,    ;
00002325815,    ;
00002470474,    ;
00002424493,    ;
00002390932,    ;
00002302796,    ;
00002339627,    ;
00002389861,    ;
00002358890,    ;
00002292779,    ;
00002333120,    ;
00002432517,    ;
00002460652,    ;
00002514956,    ;
00002386068,    ;
00002339913,    ;
00002299994,    ;
00002345429,    ;
00002335047,    ;
00002454081,    ;
00002425271,    ;
00002449399,    ;
00002316032,    ;
00002460826,    ;
00002318087,    ;
00002402086,    ;
00002356816,    ;
00002455341,    ;
00002446539,    ;
00002339562,    ;
00002393770,    ;
00002408754,    ;
00002351858,    ;
00002406410,    ;
00002417546,    ;
00002259456,    ;
00002388437,    ;
00002328451,    ;
00002373639,    ;
00002392022,    ;
00002423572,    ;
00002424198,    ;
00002381492,    ;
00002293725,    ;
00002352079,    ;
00002432516,    ;
00002457728,    ;
00002367734,    ;
00002445846,    ;
00002451939,    ;
00002418616,    ;
00002434545,    ;
00002378682,    ;
00002348422,    ;
00002383256,    ;
00002339816,    ;
00002503354,    ;
00002392421,    ;
00002381161,    ;
00002344697,    ;
00002510048,    ;
00002444585,    ;
00002387453,    ;
00002428400,    ;
00002232589,    ;
00002420538,    ;
00002348946,    ;
00002375251,    ;
00002343543,    ;
00002386402,    ;
00002537006,    ;
00002381812,    ;
00002347103,    ;
00002345033,    ;
00002319041,    ;
00002431591,    ;
00002507650,    ;
00002376751,    ;
00002388845,    ;
00002407456,    ;
00002397597,    ;
00002387744,    ;
00002311610,    ;
00002427021,    ;
00002477066,    ;
00002400587,    ;
00002246684,    ;
00002428303,    ;
00002437159,    ;
00002365277,    ;
00002396698,    ;
00002390176,    ;
00002437869,    ;
00002383689,    ;
00002404494,    ;
00002409163,    ;
00002305337,    ;
00002362975,    ;
00002412937,    ;
00002446451,    ;
00002333603,    ;
00002369394,    ;
00002394736,    ;
00002392141,    ;
00002455349,    ;
00002365949,    ;
00002433595,    ;
00002403287,    ;
00002379103,    ;
00002431826,    ;
00002436168,    ;
00002349139,    ;
00002361519,    ;
00002355804,    ;
00002361560,    ;
00002449879,    ;
00002414529,    ;
00002324657,    ;
00002339314,    ;
00002458686,    ;
00002390742,    ;
00002382995,    ;
00002378256,    ;
00002409649,    ;
00002416348,    ;
00002396348,    ;
00002340555,    ;
00002446606,    ;
00002383981,    ;
00002414726,    ;
00002413564,    ;
00002369950,    ;
00002324731,    ;
00002404268,    ;
00002404441,    ;
00002306149,    ;
00002438157,    ;
00002456416,    ;
00002348091,    ;
00002350455,    ;
00002417407,    ;
00002357242,    ;
00002334067,    ;
00002380604,    ;
00002397880,    ;
00002343690,    ;
00002349347,    ;
00002507703,    ;
00002419437,    ;
00002427643,    ;
00002353548,    ;
00002435531,    ;
00002403941,    ;
00002324785,    ;
00002287713,    ;
00002324319,    ;
00002404161,    ;
00002390970,    ;
00002370284,    ;
00002380077,    ;
00002350682,    ;
00002350293,    ;
00002499362,    ;
00002420483,    ;
00002274942,    ;
00002313365,    ;
00002389238,    ;
00002502288,    ;
00002393706,    ;
00002351673,    ;
00002281937,    ;
00002369772,    ;
00002352836,    ;
00002435309,    ;
00002409296,    ;
00002288598,    ;
00002359932,    ;
00002279269,    ;
00002433586,    ;
00002304331,    ;
00002358401,    ;
00002253525,    ;
00002380935,    ;
00002387841,    ;
00002415227,    ;
00002371828,    ;
00002420187,    ;
00002422686,    ;
00002353385,    ;
00002341964,    ;
00002345865,    ;
00002411259,    ;
00002382040,    ;
00002338951,    ;
00002374262,    ;
00002387766,    ;
00002344682,    ;
00002356730,    ;
00002415995,    ;
00002380386,    ;
00002372398,    ;
00002514290,    ;
00002280629,    ;
00002379914,    ;
00002395161,    ;
00002426518,    ;
00002377881,    ;
00002375723,    ;
00002409815,    ;
00002439924,    ;
00002359706,    ;
00002429210,    ;
00002350476,    ;
00002267410,    ;
00002364257,    ;
00002348760,    ;
00002424860,    ;
00002454862,    ;
00002335461,    ;
00002378194,    ;
00002414016,    ;
00002384286,    ;
00002318737,    ;
00002416280,    ;
00002428913,    ;
00002493138,    ;
00002398229,    ;
00002364117,    ;
00002388998,    ;
00002402236,    ;
00002411857,    ;
00002402145,    ;
00002408591,    ;
00002360833,    ;
00002406372,    ;
00002407024,    ;
00002393700,    ;
00002417727,    ;
00002396147,    ;
00002377738,    ;
00002341276,    ;
00002356236,    ;
00002367447,    ;
00002319181,    ;
00002386762,    ;
00002462313,    ;
00002348476,    ;
00002494836,    ;
00002461988,    ;
00002334333,    ;
00002341690,    ;
00002457160,    ;
00002444262,    ;
00002284865,    ;
00002421786,    ;
00002403374,    ;
00002476228,    ;
00002446146,    ;
00002344817,    ;
00002386596,    ;
00002472060,    ;
00002451839,    ;
00002364037,    ;
00002447207,    ;
00002451839,    ;
00002330149,    ;
00002377788,    ;
00002453196,    ;
00002389871,    ;
00002400612,    ;
00002312686,    ;
00002450780,    ;
00002343048,    ;
00002328868,    ;
00002408948,    ;
00002411120,    ;
00002461177,    ;
00002360314,    ;
00002461711,    ;
00002374727,    ;
00002318324,    ;
00002449258,    ;
00002468538,    ;
00002360305,    ;
00002350187,    ;
00002398631,    ;
00002387160,    ;
00002378451,    ;
00002406862,    ;
00002334374,    ;
00002343180,    ;
00002394808,    ;
00002443549,    ;
00002445003,    ;
00002328221,    ;
00002430101,    ;
00002414343,    ;
00002363440,    ;
00002347153,    ;
00002425194,    ;
00002359686,    ;
00002396391,    ;
00002382688,    ;
00002495987,    ;
00002399106,    ;
00002334377,    ;
00002452238,    ;
00002367692,    ;
00002322166,    ;
00002357281,    ;
00002386620,    ;
00002342542,    ;
00002502008,    ;
00002443543,    ;
00002373376,    ;
00002410041,    ;
00002403955,    ;
00002406883,    ;
00002359311,    ;
00002378950,    ;
00002442469,    ;
00002366143,    ;
00002438697,    ;
00002401865,    ;
00002366833,    ;
00002340988,    ;
00002437204,    ;
00002422129,    ;
00002370923,    ;
00002365160,    ;
00002431624,    ;
00002333205,    ;
00002453044,    ;
00002311611,    ;
00002316290,    ;
00002324371,    ;
00002389744,    ;
00002389637,    ;
00002314029,    ;
00002404278,    ;
00002349968,    ;
00002449380,    ;
00002475796,    ;
00002284731,    ;
00002348701,    ;
00002382051,    ;
00002337749,    ;
00002351919,    ;
00002448967,    ;
00002412734,    ;
00002392305,    ;
00002381549,    ;
00002326519,    ;
00002352629,    ;
00002341323,    ;
00002397902,    ;
00002375850,    ;
00002377200,    ;
00002394817,    ;
00002340160,    ;
00002382830,    ;
00002305998,    ;
00002405845,    ;
00002346541,    ;
00002456016,    ;
00002471340,    ;
00002270672,    ;
00002348994,    ;
00002410281,    ;
00002394963,    ;
00002445880,    ;
00002353174,    ;
00002397965,    ;
00002397095,    ;
00002436836,    ;
00002433066,    ;
00002371649,    ;
00002431995,    ;
00002395499,    ;
00002409080,    ;
00002384145,    ;
00002390908,    ;
00002285035,    ;
00002334631,    ;
00002351027,    ;
00002405182,    ;
00002442777,    ;
00002312071,    ;
00002455193,    ;
00002399178,    ;
00002448740,    ;
00002269691,    ;
00002440572,    ;
00002395519,    ;
00002413435,    ;
00002304190,    ;
00002415530,    ;
00002374145,    ;
00002406661,    ;
00002433708,    ;
00002398236,    ;
00002386910,    ;
00002319196,    ;
00002389861,    ;
00002390882,    ;
00002470282,    ;
00002536001,    ;
00002382078,    ;
00002381681,    ;
00002437891,    ;
00002429456,    ;
00002365876,    ;
00002288727,    ;
00002378354,    ;
00002350229,    ;
00002367407,    ;
00002388744,    ;
00002381838,    ;
00002408190,    ;
00002331114,    ;
00002443022,    ;
00002385393,    ;
00002373410,    ;
00002409428,    ;
00002532003,    ;
00002356136,    ;
00002395577,    ;
00002325230,    ;
00002341844,    ;
00002399583,    ;
00002410455,    ;
00002254322,    ;
00002298950,    ;
00002443108,    ;
00002364739,    ;
00002341738,    ;
00002419541,    ;
00002325206,    ;
00002356883,    ;
